0.90 1.42 49.52
-0.12 100.95 -0.59
20.41 -0.15 -1.03
-0.70 100.03 -0.38
-0.07 100.17 0.52
-0.48 100.05 -0.06
0.37 99.20 -0.10
0.09 99.38 0.88
19.54 0.27 -0.40
-0.32 100.92 -0.22
0.01 100.06 0.40
20.62 0.80 -0.18
0.63 -0.04 50.08
-0.03 99.86 0.23
0.58 99.59 -0.84
0.35 -0.27 49.16
0.80 0.75 49.26
0.10 -0.53 49.92
20.17 0.28 0.45
1.25 -0.37 50.16
19.57 -0.55 0.05
20.52 -0.92 -0.03
0.69 -1.69 48.82
19.94 0.17 0.62
20.39 0.85 0.52
-0.38 -0.73 50.13
-0.20 100.40 0.49
0.99 -0.47 50.75
-0.83 1.38 50.72
21.22 0.31 1.00
0.18 100.65 0.29
-0.35 100.08 -0.13
20.14 -0.98 0.66
0.15 -1.66 50.61
19.76 0.06 -0.13
19.64 0.02 -0.04
0.49 100.24 -0.94
-0.42 99.90 -0.36
-1.59 -0.42 48.52
20.63 0.18 0.45
-0.86 -0.72 49.16
19.50 -0.08 -0.90
20.51 -0.60 -0.20
20.37 -0.90 0.05
18.71 0.06 -0.26
0.92 0.02 50.32
-0.44 99.75 -0.02
-0.47 99.53 0.22
-0.24 -1.66 48.62
1.23 0.70 50.08
20.15 0.24 -0.01
19.60 1.25 0.17
0.12 0.41 50.20
19.89 0.67 -0.30
-1.19 1.58 48.45
20.33 1.34 -0.01
-1.79 0.63 51.32
19.94 0.17 -0.01
1.43 1.45 48.42
-0.47 0.36 51.17
-0.20 99.56 0.16
20.47 0.34 0.02
-0.55 0.83 48.69
20.10 0.26 0.60
0.11 1.44 49.38
20.21 -1.20 -0.18
20.27 0.08 0.28
20.08 -0.14 0.13
0.39 99.80 0.37
0.03 0.96 50.67
20.75 -0.11 -0.03
0.27 99.55 0.60
20.55 -0.85 -0.89
0.69 0.58 51.60
20.01 -0.16 0.23
18.83 -0.34 -0.15
0.06 -1.35 48.67
0.52 0.77 48.98
20.66 -0.28 0.19
0.23 99.93 0.47
19.84 0.55 0.11
0.27 99.81 0.47
20.74 -0.13 0.76
19.67 -0.33 -0.72
0.58 -0.50 49.88
-0.30 99.71 0.64
-0.52 100.17 -0.41
0.69 0.14 51.16
-0.54 2.08 50.00
-0.87 -1.58 50.32
20.53 -0.04 0.46
-0.16 100.36 0.32
-0.02 99.74 -0.16
20.03 -0.09 0.24
20.21 0.30 -0.03
0.09 0.79 48.52
19.81 0.10 -0.42
0.31 100.52 -1.92
20.69 1.14 -0.47
-0.06 -1.29 51.06
20.34 -0.07 0.48
0.09 0.38 48.21
-0.60 101.16 0.15
0.19 -0.96 49.90
-0.33 99.65 -0.66
-1.03 -1.30 49.86
0.15 99.52 -0.17
20.60 0.19 -0.60
-0.24 99.95 0.09
1.11 100.68 -0.19
19.53 -0.65 0.08
20.27 0.09 -0.21
20.95 -0.36 0.17
18.94 0.47 0.32
0.10 -0.41 50.47
-1.35 0.60 49.03
0.01 98.95 0.16
-0.55 100.31 -0.01
0.09 99.41 0.03
0.24 100.17 -1.12
19.91 0.00 -0.86
-1.00 -0.20 50.90
-1.58 -0.48 51.40
1.06 1.15 49.82
19.27 -0.47 0.81
0.11 -0.49 51.21
0.47 100.31 0.72
-0.14 -0.38 48.62
19.85 0.34 -0.10
20.30 -0.34 0.01
-0.27 98.75 0.22
0.10 99.92 -0.71
0.00 3.30 47.82
0.17 99.82 -0.46
-0.19 100.07 -0.14
-0.04 99.42 0.53
1.29 100.46 -0.75
0.25 100.36 -0.58
-1.04 -2.12 50.26
19.98 -0.31 0.56
-0.56 100.74 -0.04
0.16 -1.43 50.36
20.18 -1.10 -0.41
19.83 0.13 -0.41
21.09 -0.50 0.21
0.18 100.79 -0.81
-1.20 -0.10 51.71
-1.14 0.71 50.42
0.40 0.62 49.16
20.74 -0.16 -0.11
1.64 0.05 50.10
-1.25 -0.28 50.60
-0.93 99.11 0.16
2.39 0.62 51.20
18.43 -0.31 -0.15
0.42 -0.05 50.54
19.41 -0.01 -0.19
20.40 0.17 0.78
21.14 0.46 -0.52
2.23 1.17 49.30
19.96 -0.45 -0.16
0.85 -0.36 50.85
1.43 -0.83 49.90
0.24 100.78 0.53
0.03 -0.20 48.77
0.24 99.96 1.20
-0.32 0.52 51.06
20.39 0.45 1.67
19.93 0.52 -0.17
0.25 0.87 51.52
19.25 0.07 -0.19
-0.80 -0.09 51.37
-0.83 -0.69 51.14
-0.54 99.14 0.04
-0.15 -2.12 50.55
19.79 0.64 -0.52
20.34 -0.15 -0.10
19.37 -1.04 0.08
1.33 0.18 49.92
0.95 100.05 0.37
0.04 100.21 -0.27
0.23 99.59 0.63
20.92 -0.35 -0.20
0.33 1.72 48.35
19.66 0.45 0.29
20.88 -0.30 -0.36
-0.87 99.47 -0.90
19.58 0.94 0.35
-1.75 -1.25 49.69
-0.36 98.97 0.26
19.41 -0.38 0.26
0.15 99.36 -0.25
-1.37 0.40 51.31
20.17 -0.11 0.58
0.28 100.25 -0.67
-0.94 1.61 49.50
0.19 100.22 0.08
21.19 0.70 0.18
0.22 0.12 50.02
18.89 -0.64 -0.15
20.79 -0.26 -0.24
0.87 -1.13 50.21
1.14 -1.50 50.30
20.45 0.69 0.14
0.67 0.04 51.65
0.35 100.31 0.32
-0.22 -1.76 50.90
0.25 99.30 0.13
0.21 1.91 50.77
-0.32 100.66 0.13
19.46 0.13 0.52
0.42 100.07 0.58
-0.26 0.01 49.85
-0.63 -0.12 49.34
0.02 99.56 -1.04
-0.22 0.72 51.11
0.24 -0.08 50.42
19.54 -0.18 -0.27
19.76 -0.95 0.31
-0.85 1.00 50.20
0.63 0.48 49.77
0.26 1.84 50.82
-0.51 99.48 0.02
0.41 0.16 49.77
-0.65 100.11 0.47
20.36 0.12 -0.04
0.00 99.50 -0.09
-0.31 100.58 -0.17
0.01 -0.89 50.75
20.56 -0.56 0.24
-0.87 0.30 51.19
19.98 -0.04 -0.05
0.54 2.40 50.00
0.05 99.39 -0.11
21.10 0.39 0.28
0.55 -2.36 49.13
19.33 0.05 0.33
0.53 100.00 0.65
20.93 0.03 0.57
-0.39 99.21 -0.20
0.01 100.53 0.78
0.98 -0.51 49.24
20.05 -0.67 0.16
-0.81 100.46 0.70
-1.80 -0.67 49.57
1.29 0.51 48.89
0.33 99.80 0.73
0.13 100.37 0.32
-0.08 -1.62 49.97
20.02 0.52 -0.30
-0.30 100.14 -0.92
0.61 0.31 49.48
-0.96 -0.22 50.50
0.21 99.31 -0.02
-0.32 -0.33 48.48
0.16 99.95 -0.14
0.25 0.53 50.36
-1.66 0.06 50.18
1.25 0.64 49.60
20.32 -0.41 0.10
21.05 -0.26 0.11
0.07 -2.48 51.36
19.75 -0.11 0.32
20.55 0.25 0.63
0.44 98.56 0.38
20.39 1.23 0.50
19.43 1.01 0.11
0.51 99.42 1.12
-0.08 99.93 -0.25
1.13 1.66 50.38
0.01 99.80 -0.15
20.03 -0.53 0.37
19.42 -0.23 0.81
-0.29 100.13 0.76
21.03 -0.21 0.33
0.00 99.81 0.43
0.23 98.81 0.04
-1.00 0.49 51.20
-0.34 100.09 0.36
-0.38 100.75 0.58
19.58 -0.59 0.42
-0.63 100.46 0.23
20.13 -0.31 -0.17
0.86 1.02 50.91
-0.49 99.02 0.68
19.87 0.21 1.07
0.72 1.16 49.67
-0.03 100.85 -0.53
-0.67 99.70 -0.24
19.57 -0.40 -0.31
-0.78 100.65 0.09
0.41 -0.64 49.63
-0.11 100.22 -0.07
-1.50 -0.74 48.77
0.40 99.59 -0.21
19.84 -0.67 -0.43
19.48 -0.39 0.47
18.90 0.05 0.71
-0.22 100.08 0.43
0.27 99.16 -0.05
20.40 -0.04 -0.29
0.01 -1.66 50.71
20.10 0.23 0.02
20.24 -0.10 -0.90
0.15 100.40 0.16
0.28 99.57 0.69
-0.08 -1.13 48.65
20.48 -0.28 0.08
-0.88 99.74 0.19
19.34 -0.22 0.26
0.13 -0.92 49.14
19.85 -0.19 -0.15
-0.44 100.42 0.02
20.05 -0.44 -0.57
19.30 1.09 0.28
20.65 1.02 0.21
20.13 -0.41 -0.03
0.04 -0.89 49.46
0.48 -1.01 49.85
0.44 99.82 0.47
20.68 0.84 0.26
1.37 1.68 51.43
20.41 0.34 0.74
-0.08 0.10 51.43
19.30 0.13 0.47
-1.43 -2.76 49.07
20.27 1.03 0.56
-1.41 -0.07 48.20
20.69 -0.53 0.56
0.14 99.73 0.76
-0.40 99.84 0.19
0.28 -0.38 50.61
20.98 -0.21 -0.11
-1.96 -1.12 50.21
20.39 -0.28 -0.79
-0.34 101.08 0.47
-1.44 -0.87 48.57
-0.38 1.06 50.56
19.90 0.60 0.56
20.67 0.34 -0.54
-0.47 0.04 48.44
19.43 -0.64 0.27
0.36 100.88 -0.21
1.52 -1.15 49.99
0.79 -0.33 49.20
0.20 99.94 0.42
0.46 100.35 -0.53
0.15 0.68 49.37
20.11 -0.33 0.14
0.11 99.54 0.68
-0.54 99.78 0.91
0.06 100.40 -0.08
-2.03 0.06 50.39
-0.52 -0.05 49.55
20.13 0.30 -0.34
0.04 99.53 -0.19
-0.40 100.54 -0.58
0.22 99.11 0.01
20.70 -0.55 0.12
0.79 0.43 49.54
20.03 -0.37 0.45
-2.26 -1.23 51.76
-0.07 99.85 -0.06
-0.80 100.76 -1.05
0.80 -0.06 49.64
-0.36 99.55 -0.17
-0.11 100.23 -0.68
-0.51 100.19 0.07
-0.04 0.83 51.33
1.26 0.35 49.04
20.14 -0.22 -0.68
0.09 100.54 0.46
0.20 100.44 0.51
-0.48 1.37 50.51
19.65 0.10 -0.57
-1.26 2.43 49.52
21.00 0.72 -0.31
19.45 0.83 0.20
0.11 99.90 0.28
-0.04 0.22 47.95
-0.72 100.66 0.07
0.53 -1.45 50.39
0.11 99.72 -0.09
20.39 -0.55 -0.20
-0.55 101.24 0.26
-0.30 1.02 50.80
0.56 -1.11 52.47
-0.96 -0.11 51.78
20.17 0.34 -0.23
0.31 0.20 51.05
-0.04 0.49 50.17
0.76 100.25 -0.05
-0.81 -1.16 51.07
-2.07 -0.59 50.55
-0.09 99.60 -0.16
1.05 1.56 50.23
0.37 99.41 -0.93
20.13 0.27 -0.11
0.67 99.69 0.30
-0.10 99.21 -1.07
0.06 -0.17 50.50
0.28 99.16 0.04
20.52 -0.52 0.22
0.74 0.50 49.56
0.80 100.27 0.11
0.79 -0.56 49.83
-0.26 100.47 -0.34
-0.42 99.93 0.08
-0.15 0.41 49.61
0.27 100.11 0.22
19.80 -0.27 0.11
20.06 0.59 0.04
19.94 -0.61 -1.29
-0.65 99.51 0.64
-0.68 99.97 -0.72
19.97 -0.52 -0.25
0.28 99.75 0.90
20.35 -0.04 0.15
-0.05 100.64 1.26
-0.95 99.93 -0.36
20.28 -0.23 0.04
-0.40 100.08 0.33
-0.58 0.53 49.39
19.89 0.41 0.39
19.75 0.23 -0.39
18.92 -0.25 -0.12
-0.23 100.36 0.69
19.82 -0.03 0.59
-1.24 99.94 0.03
-0.72 99.90 -0.28
-0.17 99.62 -0.12
19.13 -0.07 -0.10
-0.30 99.75 -0.09
-0.25 100.12 0.30
0.92 -0.28 49.48
19.64 -0.78 -0.17
19.81 0.77 0.15
0.21 99.98 0.44
0.99 1.19 50.29
20.63 0.01 -0.55
0.56 99.76 0.13
19.39 -0.18 0.03
-0.32 100.29 -0.46
0.11 100.02 -0.59
0.45 0.46 48.84
20.12 0.08 0.65
21.03 1.24 -0.47
-0.49 100.84 1.14
19.95 -0.64 0.30
-0.96 -0.23 48.84
19.36 0.07 -0.59
-0.26 100.45 0.61
20.49 -0.05 -0.35
-0.86 0.24 49.78
0.75 -1.96 51.39
1.05 -1.29 48.82
-0.32 99.80 0.48
1.20 0.41 49.71
0.66 -0.81 50.03
-0.25 100.41 0.45
-0.45 98.58 -0.30
20.17 -0.28 0.35
0.14 99.39 -0.82
-0.32 99.98 -0.62
0.80 99.58 0.24
-1.13 0.42 49.24
0.68 1.58 50.05
20.50 -0.41 -0.13
-0.53 100.46 0.74
0.78 99.69 -0.75
0.10 2.82 51.93
0.32 100.69 0.43
-0.64 99.89 -0.85
20.26 -0.29 -0.19
0.41 100.79 0.32
20.63 -0.50 -0.97
0.19 -1.30 51.01
-0.21 99.98 1.37
19.58 0.13 0.44
2.41 0.18 49.77
0.67 -0.21 51.01
-0.19 99.55 -0.05
20.27 -1.01 1.71
19.65 -0.45 0.09
0.49 0.50 49.55
0.07 100.07 0.32
0.02 99.99 0.36
-0.15 99.65 0.62
0.10 0.88 49.30
0.50 101.21 -0.23
20.43 0.75 0.11
0.54 0.03 49.14
0.12 99.63 0.35
20.24 0.10 -0.41
0.13 0.50 49.34
0.38 100.04 -0.21
-0.17 -0.71 50.41
20.26 0.65 0.12
1.16 -2.38 50.56
-0.48 -0.00 49.85
20.15 -0.08 0.24
0.45 0.09 50.38
20.11 0.39 -0.09
19.98 -0.08 -0.46
-0.65 0.19 50.43
-1.03 -1.12 50.60
-0.41 101.40 0.54
0.10 100.07 0.71
20.42 -0.07 0.52
20.16 -0.32 0.13
-0.50 100.04 -0.30
0.75 100.06 -0.27
-1.27 99.84 0.85
19.46 0.24 0.03
-0.37 100.19 -0.52
20.11 0.62 0.78
20.00 -0.35 -0.74
-0.20 99.55 -0.18
1.40 0.29 49.05
0.18 99.55 0.05
0.92 0.14 50.71
2.17 -1.92 50.48
0.02 100.25 0.80
0.43 0.08 50.62
20.12 -0.32 0.93
-2.06 0.64 50.02
19.84 -0.21 0.41
0.58 -0.71 50.40
-0.55 99.23 -0.20
20.42 0.40 -0.77
20.00 -1.36 -0.25
0.05 -1.03 49.18
-0.54 99.94 -0.44
-0.43 100.01 0.67
-0.64 2.29 50.40
-1.17 -0.74 50.26
0.45 100.62 -0.15
-0.41 100.03 -0.55
-0.51 99.67 -0.34
-0.01 99.57 -0.62
-0.71 100.36 -0.71
-0.56 100.02 -0.79
2.16 -0.88 47.79
0.42 -1.24 49.68
-0.47 100.86 -0.06
0.70 0.43 50.12
21.08 1.08 -0.17
-0.48 100.09 0.52
19.44 0.12 0.64
-1.28 -1.65 50.30
18.82 0.12 0.58
0.45 100.42 0.02
20.59 0.17 -0.92
19.43 0.02 0.27
20.27 0.57 -0.17
0.38 100.82 0.32
19.95 0.38 -0.18
0.54 -2.09 51.00
19.68 -0.12 -0.83
-0.60 -1.25 48.74
-0.35 99.77 -0.20
0.77 100.20 0.01
0.71 1.31 51.33
20.19 -0.74 -0.10
-0.51 100.05 -0.26
0.02 101.40 -0.12
-1.15 99.44 -0.38
19.60 0.70 0.59
0.22 100.97 0.33
20.05 -0.84 0.10
-1.69 2.08 51.77
19.89 -0.02 0.09
19.66 0.08 -0.19
-0.31 100.35 0.20
0.74 100.25 0.47
-0.68 99.51 -0.04
19.65 -0.23 -0.14
0.45 99.87 -0.71
20.10 -0.17 -0.74
-1.01 0.28 48.13
20.23 1.38 0.47
0.44 -0.03 50.29
0.88 -1.37 48.61
19.68 0.41 0.04
1.10 -1.11 50.22
20.41 0.92 0.36
0.02 100.12 0.62
0.43 99.70 -0.66
-0.54 -0.72 49.81
19.90 0.13 0.09
1.84 0.87 50.62
19.48 -0.59 -0.29
-1.05 1.40 49.77
19.94 -0.40 -0.19
19.24 0.53 -0.43
-1.16 0.10 49.21
0.97 -0.73 50.13
-1.02 -1.66 50.09
1.18 1.32 49.06
0.37 99.45 -0.22
-0.54 98.70 -0.85
-0.49 -0.34 50.03
19.52 0.94 0.40
1.69 1.87 49.92
0.52 1.18 52.17
-0.69 2.08 51.12
0.01 100.35 -0.63
0.67 1.37 48.51
2.16 -0.39 48.56
20.54 -0.80 0.35
-0.44 100.30 -0.77
-0.47 -1.05 50.97
-0.92 100.48 0.49
0.80 99.66 0.09
-0.73 99.70 -0.29
-0.95 -1.49 48.86
0.13 99.34 -0.08
0.28 -0.24 48.89
19.56 -1.41 -0.07
19.96 0.35 -0.64
-1.54 0.29 50.11
0.08 99.37 0.94
0.27 0.87 51.09
19.33 1.09 0.63
-0.25 -1.45 49.39
0.20 100.38 0.61
19.66 -0.05 -1.23
19.41 0.06 -0.55
-0.18 99.36 0.02
-0.88 -0.18 50.27
0.44 -0.93 52.03
-0.10 -0.63 49.42
-0.67 0.41 49.14
20.60 -0.73 0.55
1.18 0.30 49.45
19.28 -0.26 0.67
20.24 -0.21 -0.40
-2.07 0.82 50.58
0.51 99.93 -0.46
19.85 -0.20 -0.10
0.26 100.29 0.45
-0.41 -0.65 50.81
20.57 -0.77 0.55
19.06 0.21 -1.09
0.32 100.56 -0.05
-1.17 1.40 49.19
19.74 -0.27 -0.43
20.10 0.08 0.15
1.65 -0.40 50.74
-0.46 -0.39 49.41
20.13 0.50 0.25
0.60 0.33 49.58
0.15 100.33 0.07
-0.33 0.84 49.49
-0.22 0.24 49.60
21.33 0.15 0.00
20.80 0.33 -0.36
-0.23 1.29 50.82
0.21 100.72 -0.97
19.41 -0.06 0.40
20.12 -0.26 0.40
19.53 -0.08 -0.85
0.24 99.83 0.42
1.27 -0.88 50.80
0.75 -1.38 50.46
20.56 0.58 -0.24
19.36 -0.60 0.17
21.14 0.53 0.40
19.89 0.62 -0.36
19.56 0.05 0.04
19.16 0.14 0.06
-0.87 99.98 0.51
0.03 -1.05 51.60
0.22 99.97 -0.69
0.61 100.36 -0.37
-0.46 99.82 -0.16
-0.25 -0.41 50.39
-0.58 100.67 0.55
20.18 0.45 0.39
0.79 0.79 49.40
0.01 -0.70 50.86
20.02 0.22 -0.29
-1.12 1.20 51.31
19.03 0.52 0.32
20.72 -0.04 -0.24
20.04 -0.20 -0.01
-0.19 99.76 -0.05
-0.02 0.50 51.62
20.00 0.07 -0.12
18.85 0.66 0.49
19.53 -0.34 0.28
-0.90 99.93 0.25
20.18 -0.91 -0.50
0.76 100.33 -0.01
18.91 -0.16 -0.52
1.80 0.01 50.45
0.14 100.28 0.64
1.73 1.20 49.30
20.09 -0.11 -0.38
0.44 -1.30 48.84
-0.06 99.87 -0.01
20.05 -0.07 -0.43
0.24 99.81 -0.86
0.88 1.22 49.98
19.92 0.22 -0.62
0.51 -0.68 49.17
-0.45 -0.46 50.27
0.68 99.96 0.29
-0.12 99.77 -0.55
20.14 0.55 -0.86
0.31 0.53 50.23
0.15 100.15 0.35
-0.92 0.13 49.69
0.63 100.61 0.23
19.45 0.56 -0.38
19.59 0.27 -0.33
2.34 0.79 50.85
1.02 100.01 -0.31
-0.75 99.83 -0.18
-1.40 1.36 48.67
-0.25 0.36 51.03
19.82 0.59 -0.50
-0.24 99.82 0.20
20.27 -0.08 -0.04
19.22 -1.29 -0.15
2.50 -0.81 50.99
-0.41 100.00 -0.19
19.22 0.30 -0.33
0.46 100.13 -0.88
0.56 0.21 51.67
19.81 0.24 0.56
0.59 100.08 0.53
0.85 99.45 -0.84
0.35 99.70 -0.03
-0.45 98.98 0.39
20.03 -0.01 0.85
0.25 1.44 47.65
2.73 -0.48 49.04
19.70 -0.43 -0.13
-0.86 -0.35 49.70
19.05 -0.71 0.66
19.36 0.30 -0.54
-0.04 100.07 0.73
19.99 -0.36 -1.03
0.21 -0.70 50.33
20.24 0.19 -0.13
0.05 99.88 -0.30
0.86 100.10 -0.55
-0.82 100.09 -0.03
-0.27 100.76 0.62
-0.17 99.78 0.02
19.21 1.12 -0.91
20.61 0.19 0.00
-0.05 100.29 -0.22
0.55 99.73 -0.46
-0.99 0.70 49.41
20.40 0.11 0.31
20.18 -0.37 -0.39
1.00 100.08 0.22
0.07 99.50 -0.77
-1.23 -0.17 50.87
0.29 -0.43 50.65
1.07 -1.72 50.38
-0.01 99.55 0.11
-0.63 100.36 -0.55
1.61 -0.02 50.58
-1.29 0.91 50.83
0.62 2.76 48.85
20.43 1.00 -0.02
0.14 100.41 -0.20
0.18 99.53 -0.27
19.37 -0.64 -0.39
20.34 -0.03 -0.11
0.58 3.61 50.34
20.02 -0.47 -0.75
0.73 99.77 0.37
-0.44 100.28 -0.21
20.38 -0.94 0.10
19.90 -1.00 -0.06
20.10 0.41 -0.09
-2.50 -0.11 51.23
19.70 -1.56 0.76
20.87 -0.33 0.22
-0.45 99.43 0.19
19.08 -0.20 1.13
20.36 0.21 0.12
-0.80 100.25 0.67
1.85 -1.20 49.55
2.18 -0.71 51.54
-1.00 -1.49 47.93
0.04 99.76 0.18
-1.04 100.02 0.80
-1.22 0.50 50.49
20.77 -0.19 -0.13
-0.27 0.77 51.30
-0.61 99.62 -0.45
20.70 -1.02 -0.76
-0.90 99.62 -0.42
0.43 99.50 0.33
0.04 99.85 -0.28
-0.65 1.79 49.97
0.09 98.76 0.03
19.90 -0.15 0.33
0.33 99.84 0.31
-0.51 -0.81 50.10
19.98 -0.53 0.10
0.62 99.51 -0.18
0.45 99.94 -0.46
0.08 -0.15 53.48
-0.32 -0.82 49.35
-0.44 -0.03 50.35
0.43 99.89 -0.52
0.54 100.50 -0.53
19.01 -0.09 0.21
-0.14 100.11 -0.23
0.43 101.72 -0.04
-0.09 -0.77 50.99
19.86 -0.64 -0.91
-0.25 99.56 -0.11
20.02 -0.34 -0.84
0.28 100.02 0.11
-0.93 -0.84 48.86
-0.68 100.23 0.44
19.91 -0.30 0.63
19.50 -0.17 -0.19
20.64 0.16 0.70
-1.17 -0.84 48.80
-0.53 0.15 49.25
0.60 -0.74 51.36
0.26 99.12 -0.27
-0.08 101.20 -0.23
-0.61 -0.83 49.49
20.28 0.12 -0.82
-0.55 100.03 -0.87
0.28 99.99 0.34
20.13 -0.83 -0.11
20.11 0.39 -0.38
20.40 0.13 -0.19
0.26 99.57 0.49
-0.64 1.75 50.19
0.11 99.63 -1.04
20.06 -0.47 0.42
-0.07 0.34 48.54
-1.90 -1.25 49.48
19.49 -0.06 0.16
0.89 0.89 50.59
0.21 -0.94 49.50
1.00 -1.14 49.91
19.64 0.07 -0.33
-0.12 0.14 51.55
0.14 -0.13 49.77
0.45 0.12 51.49
0.71 -0.45 48.77
1.69 0.09 49.77
21.16 0.10 0.12
1.59 -0.42 50.70
-1.61 -1.61 49.16
-0.64 0.62 49.85
2.25 0.79 50.71
1.41 100.40 -0.10
-0.21 -1.37 51.05
19.28 -0.07 -0.31
-1.97 1.97 50.39
-0.27 100.37 -0.37
0.11 99.32 0.04
1.08 99.91 0.35
19.61 0.31 -0.64
0.15 100.98 0.75
-0.22 99.81 0.02
-0.25 100.82 -0.56
-0.37 0.07 50.21
-0.21 99.78 0.34
0.01 100.36 -1.17
19.38 -0.16 0.47
19.94 0.67 0.12
-0.02 -0.28 50.14
-0.64 -0.04 51.29
0.02 100.01 -0.10
-0.07 99.72 -0.15
20.22 0.23 -0.18
-0.75 100.36 -0.52
0.64 99.95 -0.02
-1.06 -0.70 49.11
-0.14 0.65 51.63
-0.89 -1.71 50.73
19.57 -0.26 -0.20
20.47 -0.42 1.36
0.16 1.80 50.49
-0.94 100.00 0.52
0.65 99.80 -0.16
-0.02 100.36 -0.08
0.00 -2.27 49.39
19.57 0.19 0.29
-0.36 99.82 -0.28
0.19 -0.18 50.61
0.39 0.12 49.34
19.52 0.24 -0.20
0.03 -0.26 49.37
1.03 0.63 49.44
19.45 -0.08 -0.14
0.48 99.77 -0.21
-0.28 99.05 0.93
0.30 0.47 51.41
20.34 0.02 0.46
0.59 -1.13 49.43
20.55 0.54 -0.01
20.14 1.00 0.72
-0.57 1.45 51.66
0.52 100.00 0.12
20.10 -0.23 -0.48
0.51 99.62 -0.50
-0.42 1.19 49.67
0.34 100.42 -0.45
20.57 -0.24 0.80
21.16 1.04 -0.45
-0.44 99.71 0.32
-0.99 99.50 -0.25
19.55 -0.03 -0.12
0.67 1.01 49.55
20.54 0.17 -0.28
20.28 -0.27 0.04
-0.62 100.52 0.22
20.88 0.68 -0.00
-1.10 0.21 52.29
19.37 0.61 -0.07
21.38 0.35 0.56
-0.62 99.34 0.66
-0.96 1.33 49.99
0.01 99.32 0.39
18.75 -0.72 0.02
19.68 -0.35 -0.21
1.00 0.65 50.89
-0.78 -1.07 49.99
0.60 98.88 0.65
0.46 0.23 51.38
-0.53 99.52 -0.00
-0.53 100.25 -1.20
20.12 0.62 -0.32
1.58 1.13 50.63
19.11 -0.53 0.32
0.35 100.30 0.15
0.36 99.29 1.59
-0.80 -0.12 50.62
19.74 0.29 1.28
18.55 0.31 0.40
1.52 -0.20 49.77
-0.02 100.09 -0.15
20.15 -1.01 0.84
20.37 -0.22 0.13
1.53 -0.01 50.15
-1.03 1.20 51.33
20.52 0.74 -0.06
-0.41 100.96 -0.04
20.73 -0.17 -0.11
19.98 -0.06 -0.68
-0.41 -1.10 48.37
0.34 99.82 -0.20
-0.03 101.13 1.04
0.78 100.19 0.01
19.36 -0.45 0.25
20.84 -0.00 -0.12
0.58 99.89 0.41
20.01 0.85 0.08
1.22 100.55 0.03
-1.17 0.38 48.91
0.15 -1.56 52.08
19.38 0.66 -0.19
-0.38 -0.04 50.10
-0.09 -0.79 48.62
-0.87 0.78 50.34
20.67 0.17 -0.48
-1.16 0.25 48.07
20.17 -0.38 1.17
20.21 -0.53 0.89
-0.02 100.97 0.36
0.70 -1.76 48.31
0.04 100.12 -0.67
0.93 0.15 48.54
1.87 -0.28 49.14
-0.86 -0.22 50.48
1.14 -1.06 51.59
20.08 0.60 0.40
0.20 1.26 50.23
19.84 -0.34 0.41
19.28 0.71 -0.59
20.02 -0.30 0.27
-0.21 1.24 52.36
20.20 1.08 -0.13
0.11 99.65 0.12
0.70 99.61 -0.17
-0.14 100.39 0.75
1.49 -0.28 49.47
-0.73 100.93 0.05
20.18 0.23 -0.24
20.10 0.01 0.06
-0.07 99.89 0.09
0.19 99.93 0.51
-0.10 -0.80 50.13
-0.28 100.37 -0.72
0.20 -0.58 50.06
0.27 0.25 50.71
-0.25 -0.91 48.95
19.60 0.50 1.48
0.10 101.16 -0.78
19.59 -0.04 0.02
-0.51 99.65 0.17
-0.31 -0.68 48.75
-0.60 100.57 -0.13
-0.24 100.27 -0.23
0.17 99.39 -0.41
20.60 -0.25 -0.88
20.31 0.23 -0.08
20.12 -0.15 -0.47
-0.67 99.39 -0.19
-1.14 99.79 0.37
19.35 0.68 -0.12
-0.46 99.90 0.25
0.09 0.03 50.91
20.28 -0.07 0.25
19.75 -0.58 0.50
0.43 0.95 50.46
19.85 -1.01 -0.71
19.76 -1.01 0.12
-1.49 -0.84 52.20
19.92 0.32 -0.21
-1.20 99.19 0.26
-0.19 99.33 0.10
0.99 100.11 -1.10
19.86 -0.51 -0.67
-0.16 99.87 -0.21
-0.46 -0.46 50.51
-0.35 -0.70 50.15
1.34 1.82 49.71
0.69 0.04 49.90
0.45 -1.95 50.36
-0.20 -0.02 49.72
0.62 100.31 1.36
-0.25 100.40 0.05
0.26 100.44 0.91
20.65 0.38 0.47
-0.43 -0.86 49.75
20.22 -0.31 -0.04
0.60 1.20 50.58
19.61 1.00 0.22
19.75 -0.42 0.08
1.25 0.11 50.01
-0.67 -0.73 48.61
20.20 0.11 0.63
19.34 -0.30 -0.15
-0.20 100.08 0.75
-0.32 99.65 0.49
0.14 100.74 0.01
2.03 1.99 50.52
19.36 0.96 -0.46
20.04 0.68 -0.69
19.51 -0.11 1.17
-0.48 99.24 0.32
1.25 1.07 49.25
-0.55 100.49 0.29
0.12 0.03 49.17
0.04 99.83 -0.26
-0.32 -1.51 50.44
0.90 100.27 -0.26
-0.07 100.27 -0.74
0.03 99.72 -0.43
-0.45 0.31 50.39
-0.15 99.27 -0.05
20.12 -0.01 -0.35
0.63 99.73 0.04
-0.24 99.94 0.14
19.84 0.47 -0.23
0.39 99.60 -0.69
0.28 1.35 50.24
0.31 -0.99 50.37
0.08 100.14 0.08
21.05 0.27 0.41
-1.67 -0.54 49.60
0.36 1.41 50.66
0.10 99.95 -0.95
-0.07 0.44 50.63
0.86 0.83 50.64
-0.99 99.75 0.14
-0.04 99.93 0.47
19.44 0.08 0.60
-0.41 99.68 0.26
-0.07 99.95 1.07
0.29 -1.84 50.78
-0.17 1.20 51.90
-0.77 100.08 -0.34
19.51 -0.58 0.52
0.52 0.02 50.05
-1.96 -0.22 50.65
0.87 0.04 51.16
-0.02 100.42 0.46
0.52 -1.11 49.85
-0.25 100.31 0.79
-0.41 0.08 48.77
0.76 99.98 -0.23
-0.49 100.46 0.06
-0.58 1.55 52.34
1.74 0.70 48.40
0.61 100.10 -0.16
-1.83 1.16 49.96
-0.38 0.43 49.29
-0.26 -0.45 51.06
0.08 100.09 1.30
20.40 0.21 -0.91
19.57 0.15 -0.60
0.22 100.17 0.15
0.17 1.50 50.20
20.80 -0.03 -0.01
19.82 -0.08 0.24
0.50 1.01 49.56
0.17 100.64 0.27
19.84 0.11 0.65
0.15 -0.12 48.72
-0.50 -0.81 50.05
-0.56 0.22 49.24
20.00 -0.61 -0.34
0.22 99.61 0.06
-0.10 0.44 50.28
20.67 -0.03 0.15
-1.21 1.87 49.88
20.05 -0.46 -0.71
0.41 100.66 0.30
0.67 100.23 -0.23
0.39 -0.17 50.30
20.64 0.53 0.78
-0.06 -1.75 48.21
19.62 0.61 -1.65
20.40 0.37 0.60
20.25 0.51 -0.94
-0.23 -1.10 50.50
-0.02 99.21 -0.20
-1.25 -0.14 48.61
0.15 0.13 50.18
-0.54 0.23 51.18
-0.76 -0.48 49.49
19.23 -0.17 0.89
19.88 0.57 -0.05
19.64 -0.08 -0.75
-0.26 -0.63 49.41
19.05 0.53 -0.02
-0.76 0.38 50.70
19.44 0.26 0.35
19.63 -1.08 -0.02
-0.21 -1.69 50.12
0.05 99.61 0.41
20.23 -0.14 -0.08
0.18 100.01 -0.65
19.73 0.90 -1.28
0.58 100.73 -0.55
20.23 -0.11 0.76
20.23 -0.00 -0.26
0.15 99.76 -0.40
21.22 -0.24 -0.34
-0.45 100.58 0.05
18.51 -0.69 -0.47
-1.04 100.11 0.24
-0.09 100.13 0.57
20.54 -0.01 -0.41
0.56 -0.97 49.68
19.59 -0.64 -0.29
20.59 0.24 -0.35
0.82 99.82 0.03
19.81 0.47 0.23
0.55 100.46 0.37
18.91 0.26 0.29
19.90 0.27 -0.07
-0.39 0.92 50.86
-0.53 -1.29 50.17
20.43 0.06 -0.02
-0.68 -0.90 51.37
0.64 99.16 0.03
0.88 -0.44 50.97
20.37 0.42 0.08
-0.49 99.94 0.10
0.36 0.03 50.76
20.81 1.28 -0.33
20.84 -0.20 0.72
0.66 -0.85 50.00
0.70 0.69 49.65
0.33 -1.42 49.66
19.87 0.38 0.03
-1.77 0.27 49.48
20.58 0.67 0.14
20.53 0.10 -0.03
0.02 -0.05 49.36
-0.09 100.38 0.07
-0.12 100.42 0.24
19.57 0.04 1.07
-0.45 100.05 -0.16
19.87 -0.33 -0.05
-0.26 99.88 0.48
1.82 -0.92 50.70
19.97 -0.13 0.08
-0.59 1.34 50.94
-0.08 100.59 -0.05
20.50 -0.09 0.25
0.25 99.63 -0.27
1.42 0.66 51.26
-0.58 1.98 50.10
20.21 -0.08 -1.05
-0.86 100.11 0.51
20.88 0.18 0.33
0.49 -0.33 49.57
20.95 0.31 0.29
0.67 100.56 0.97
1.71 -0.72 49.26
20.28 0.79 0.27
1.39 1.34 48.29
0.40 100.10 -0.48
20.49 0.36 -0.09
-1.57 0.05 50.99
20.08 -0.04 -0.61
-0.12 99.72 -0.76
-1.06 99.97 0.41
21.02 -1.12 1.40
-0.69 1.41 48.78
1.32 -0.23 50.98
-0.27 100.35 -0.34
19.71 -0.33 -0.02
0.03 100.12 -0.09
21.01 0.61 0.38
-1.35 2.27 48.74
19.59 0.67 -0.06
0.04 100.42 0.75
1.97 -0.21 47.68
1.25 99.28 -0.26
19.65 -0.92 -0.69
19.89 -0.30 0.42
0.23 -0.46 50.59
-0.48 100.11 -0.32
-1.16 99.11 0.16
-0.56 -0.57 50.16
0.09 99.54 0.51
0.02 0.97 50.36
-0.35 100.00 0.26
-0.92 0.41 48.48
0.66 0.46 48.96
19.99 -0.50 -0.67
20.01 0.56 -0.99
-1.87 100.07 -0.67
0.36 99.93 0.14
0.32 99.74 -1.02
0.45 100.13 0.19
20.24 0.80 0.66
19.58 0.87 -0.16
20.05 -0.89 -0.35
20.13 -0.48 0.45
-0.20 100.81 -0.18
19.62 0.07 -0.43
20.74 0.59 -0.27
-1.01 -0.82 49.29
19.45 -0.22 0.55
20.12 0.16 1.06
-0.32 100.09 -0.83
19.63 -0.07 -0.67
20.94 0.19 0.84
-0.74 100.11 0.16
20.31 0.44 1.12
-0.15 98.86 -0.18
1.30 -0.33 51.24
20.00 0.76 -0.48
0.23 100.43 -0.41
0.17 1.72 49.47
-0.32 99.90 0.75
-0.49 -1.89 50.71
1.17 -0.43 51.01
20.34 -0.44 0.50
20.74 0.57 -0.36
20.86 0.46 0.09
-0.10 0.41 50.89
18.49 0.00 -0.10
19.80 0.75 -0.84
-0.35 -0.41 47.72
20.61 0.54 0.30
20.07 0.26 0.33
18.52 0.47 -0.48
-0.05 100.50 -0.31
-0.11 1.10 49.38
-1.08 0.39 50.69
20.30 0.98 0.00
0.11 100.29 0.25
-0.97 -0.45 48.35
0.35 100.11 -0.56
-1.06 -0.25 50.40
20.24 -0.39 0.36
19.85 -0.03 -0.24
2.17 1.42 49.42
0.37 99.98 -0.08
1.04 99.57 0.28
20.11 0.74 -0.40
-0.20 1.04 52.20
-0.76 99.25 -0.47
-0.64 -0.53 49.06
-0.80 -1.51 50.22
-0.44 1.21 50.06
0.35 100.30 0.30
1.15 2.55 50.32
1.51 -0.15 49.03
19.59 0.68 0.25
-0.44 -0.22 48.17
19.68 0.39 0.21
20.54 -0.02 -0.54
-1.61 -0.62 50.38
-0.93 99.32 0.19
19.65 -0.79 -0.60
1.22 -0.12 49.59
1.30 99.67 0.28
-0.25 98.97 -0.16
20.50 -0.57 -0.40
0.21 -0.12 51.16
-0.39 98.41 1.13
20.22 -0.09 0.09
20.62 -0.41 -0.23
19.64 -0.14 0.94
0.21 100.52 0.57
21.34 -0.07 -0.94
1.26 100.03 -0.18
-1.40 -0.49 52.77
-1.05 0.83 51.25
-1.90 0.84 49.29
-0.35 1.18 50.84
0.93 -0.26 50.55
-0.74 -0.30 50.18
-0.25 99.86 -0.35
0.02 99.37 -0.41
-0.47 100.01 -0.08
-0.52 -0.37 51.38
0.40 0.51 49.78
-0.96 99.70 -0.42
20.81 0.81 -0.11
-0.13 -0.79 50.32
1.28 0.38 48.96
0.70 -0.75 51.18
19.93 0.36 0.26
-0.25 -0.54 49.78
-1.06 100.06 -0.09
-0.11 99.83 0.45
-0.68 100.24 -0.82
19.79 -0.99 0.50
0.60 100.68 0.46
19.47 -0.53 -0.15
0.30 100.22 -0.44
-0.21 99.55 -0.60
19.30 0.44 0.06
19.96 0.29 0.34
-0.23 100.04 -1.13
0.99 100.90 0.23
20.06 -0.37 -0.58
0.48 -0.99 50.55
-0.15 -0.78 50.57
0.23 99.73 -0.87
19.85 -0.13 0.88
0.68 100.10 0.30
-0.86 99.84 0.25
20.10 0.76 -0.65
20.04 0.41 -0.50
19.81 -0.06 -0.48
0.23 -0.28 52.45
20.06 0.35 -0.12
-0.21 100.11 0.28
0.54 99.56 -0.52
-0.66 100.05 -0.26
-0.48 99.82 -0.13
0.27 -0.88 48.10
0.31 99.70 0.24
20.24 -0.11 0.16
20.57 0.21 0.56
19.52 0.40 0.35
19.76 0.62 -0.77
19.75 0.37 -0.09
19.75 0.60 -0.79
-0.44 -1.08 50.23
20.38 -1.01 -0.27
0.00 0.31 50.88
-0.33 99.29 0.11
-0.68 -0.77 49.52
-0.51 101.05 1.07
19.65 -0.06 0.03
-1.18 0.09 51.64
20.37 -0.16 0.06
-1.04 -3.01 49.00
0.16 99.38 1.28
0.31 100.08 -0.71
1.22 0.17 48.79
0.19 99.54 0.05
0.27 99.44 -0.67
19.35 0.09 0.05
-0.08 -0.85 52.21
20.38 -0.60 0.67
1.68 0.91 49.67
20.35 1.02 0.02
19.93 -0.82 -0.74
-0.30 99.85 0.33
1.03 -1.07 49.17
-0.10 99.93 0.60
-0.86 0.38 50.08
-1.10 0.73 49.03
0.62 -0.41 47.76
-0.34 99.70 0.83
0.43 0.15 49.04
-0.07 1.83 50.26
20.56 -0.08 0.35
-0.70 1.05 50.36
2.00 1.56 51.58
19.77 0.44 -0.93
19.90 -0.74 0.20
20.00 0.77 -0.28
0.44 100.21 0.26
19.97 0.54 -0.05
-1.28 1.85 50.01
-1.05 99.72 0.95
-0.79 -0.04 51.28
-0.08 99.20 0.51
0.13 99.60 0.58
20.00 0.37 0.28
0.02 99.94 0.11
19.53 -0.27 -0.39
-1.01 1.31 49.19
0.77 -0.67 50.80
0.53 99.00 0.64
0.71 99.58 0.10
19.97 -0.45 -0.58
0.18 99.12 0.02
0.70 99.72 -0.08
19.68 -0.02 0.46
-0.20 99.41 -0.59
-0.25 0.89 49.63
0.60 98.96 -0.17
0.29 99.84 0.21
0.90 -1.73 51.00
-0.23 1.24 49.44
20.46 -0.10 -0.44
0.06 99.35 0.26
20.45 -0.23 0.19
20.26 0.55 0.16
19.53 0.60 0.22
-0.18 100.23 -0.98
19.68 0.72 -0.13
19.99 0.59 0.12
0.10 100.10 -0.13
-0.47 0.96 49.48
-1.63 0.65 48.39
-0.50 -0.30 49.61
0.95 -2.20 50.92
0.44 100.88 0.10
19.38 -0.55 -0.37
-0.01 100.09 -0.63
19.39 0.06 0.17
0.46 99.78 -0.15
0.54 0.44 48.90
0.20 1.89 50.42
20.25 -0.93 -0.51
1.00 -2.43 50.63
19.08 -0.43 0.29
19.50 1.62 0.76
-0.55 100.13 0.01
-0.57 -1.21 50.50
-0.35 99.89 -0.29
-0.25 99.64 -0.17
0.01 -1.04 48.98
-0.13 -1.63 49.46
0.56 99.00 0.37
-0.46 99.59 -0.07
0.53 99.82 0.52
-0.12 100.10 0.28
-0.96 -0.63 48.31
20.10 -0.01 0.03
20.07 -0.20 -0.69
0.07 100.05 0.33
0.49 -0.53 50.38
0.21 100.17 0.11
0.84 -2.02 49.82
1.75 -0.09 51.92
-0.15 100.28 -0.29
0.82 99.70 1.17
-0.65 -0.23 49.54
0.51 100.01 -0.40
19.58 0.68 -0.31
2.23 0.99 50.16
0.32 99.96 0.78
-1.68 1.14 50.61
0.26 99.30 0.23
-0.31 -0.34 47.86
19.98 -0.08 0.10
20.43 0.59 0.05
-0.79 99.99 1.18
0.47 99.36 -0.94
-0.30 100.25 0.11
20.66 0.24 0.86
0.59 0.52 48.63
0.75 1.02 49.97
20.29 -0.53 0.91
-0.52 1.60 48.37
-0.21 100.14 0.22
20.73 -0.54 -0.30
-0.01 1.05 50.36
0.59 100.46 0.07
